Diet<-c('A','A','A','A','A','A','A','A','A','A','A','A','A','A','A','A','A','A','A','A','A','A','A','A','A','B','B','B','B','B','B','B','B','B','B','B','B','B','B','B','B','B','B','B','B','B','B','B','B','B')
DietConsumed<-c(3.6,5.3,4.1,2.9,3.2,1.9,5.6,5.7,4.6,2.8,2.5,2.4,2.6,2.8,2.7,3.5,4.6,4.2,3.6,3.9,4.2,4.1,2.6,3.1,3.9,5.6,5.8,6.8,1.6,5.6,3.5,2.4,2.3,5.5,4.7,3.5,4.2,2.1,2,3.6,5,2.1,2.8,2.6,2.7,2.9,3.8,4.2,3,2)
Temperature<-c(25,25.6,26.4,26.3,25.1,26.9,23.8,26.5,26.6,27.4,25.8,26.6,25.5,27.6,26.9,27.4,25.5,27.3,27.4,25.5,25,26.2,26.7,26.8,27.4,26.3,26.9,25.6,25.6,26,25.5,27.5,25.9,26.2,25.1,25.3,25.8,26.3,26,27,27.9,26.1,26.1,24.6,24.6,26,24.8,27,24.1,26.5)
Weight<-c(6.2,10.2,8.4,4.4,4.9,3.9,10.5,12.3,9.5,6.2,5.3,4.1,5,5.2,3,7.3,9.3,8.6,7.6,8.1,8.6,8.9,6.9,6.3,8.1,7.9,7.1,8.2,3.6,5.9,7,4.5,4.6,7.1,6.6,5.2,6.3,4.6,3.6,5.9,7.2,3.9,4.6,4.2,3.9,4.9,5.6,6.3,5.9,3.9)

dat<-data.frame(Diet,DietConsumed,Temperature,Weight)
